+------------+------------------+-------------+-------------------+------------------+-------------+-------------+---------------+
| payment_no | payment_due_date | payment_due | payment_principle | payment_interest | payment_gst | new_balance | payment_total |
+------------+------------------+-------------+-------------------+------------------+-------------+-------------+---------------+
|          1 |       2016-09-30 |      911.96 |            276.05 |           635.91 |       34.51 |   127118.95 |        946.47 |
|          2 |       2016-10-30 |      911.96 |            277.43 |           634.54 |       34.68 |   126841.52 |        946.64 |
|          3 |       2016-11-30 |      911.96 |            278.81 |           633.15 |       34.85 |   126562.71 |        946.81 |
|          4 |       2016-12-30 |      911.96 |            280.20 |           631.76 |       35.03 |   126282.51 |        946.99 |
|          5 |       2017-01-30 |      911.96 |            281.60 |           630.36 |       35.20 |   126000.91 |        947.16 |
|          6 |       2017-02-28 |      911.96 |            283.01 |           628.95 |       35.38 |   125717.90 |        947.34 |
|          7 |       2017-03-30 |      911.96 |            284.42 |           627.54 |       35.55 |   125433.48 |        947.52 |
|          8 |       2017-04-30 |      911.96 |            285.84 |           626.12 |       35.73 |   125147.64 |        947.69 |
|          9 |       2017-05-30 |      911.96 |            287.27 |           624.70 |       35.91 |   124860.37 |        947.87 |
|         10 |       2017-06-30 |      911.96 |            288.70 |           623.26 |       36.09 |   124571.67 |        948.05 |
|         11 |       2017-07-30 |      911.96 |            290.14 |           621.82 |       36.27 |   124281.53 |        948.23 |
|         12 |       2017-08-30 |      911.96 |            291.59 |           620.37 |       36.45 |   123989.94 |        948.41 |
|         13 |       2017-09-30 |      911.96 |            293.05 |           618.92 |       36.63 |   123696.89 |        948.59 |
|         14 |       2017-10-30 |      911.96 |            294.51 |           617.45 |       36.81 |   123402.38 |        948.78 |
|         15 |       2017-11-30 |      911.96 |            295.98 |           615.98 |       37.00 |   123106.40 |        948.96 |
|         16 |       2017-12-30 |      911.96 |            297.46 |           614.51 |       37.18 |   122808.94 |        949.14 |
|         17 |       2018-01-30 |      911.96 |            298.94 |           613.02 |       37.37 |   122510.00 |        949.33 |
|         18 |       2018-02-28 |      911.96 |            300.43 |           611.53 |       37.55 |   122209.57 |        949.52 |
|         19 |       2018-03-30 |      911.96 |            301.93 |           610.03 |       37.74 |   121907.64 |        949.70 |
|         20 |       2018-04-30 |      911.96 |            303.44 |           608.52 |       37.93 |   121604.20 |        949.89 |
|         21 |       2018-05-30 |      911.96 |            304.95 |           607.01 |       38.12 |   121299.24 |        950.08 |
|         22 |       2018-06-30 |      911.96 |            306.48 |           605.49 |       38.31 |   120992.76 |        950.27 |
|         23 |       2018-07-30 |      911.96 |            308.01 |           603.96 |       38.50 |   120684.76 |        950.46 |
|         24 |       2018-08-30 |      911.96 |            309.54 |           602.42 |       38.69 |   120375.21 |        950.66 |
|         25 |       2018-09-30 |      911.96 |            311.09 |           600.87 |       38.89 |   120064.12 |        950.85 |
|         26 |       2018-10-30 |      911.96 |            312.64 |           599.32 |       39.08 |   119751.48 |        951.04 |
|         27 |       2018-11-30 |      911.96 |            314.20 |           597.76 |       39.28 |   119437.28 |        951.24 |
|         28 |       2018-12-30 |      911.96 |            315.77 |           596.19 |       39.47 |   119121.51 |        951.43 |
|         29 |       2019-01-30 |      911.96 |            317.35 |           594.61 |       39.67 |   118804.16 |        951.63 |
|         30 |       2019-02-28 |      911.96 |            318.93 |           593.03 |       39.87 |   118485.23 |        951.83 |
|         31 |       2019-03-30 |      911.96 |            320.52 |           591.44 |       40.07 |   118164.70 |        952.03 |
|         32 |       2019-04-30 |      911.96 |            322.12 |           589.84 |       40.27 |   117842.58 |        952.23 |
|         33 |       2019-05-30 |      911.96 |            323.73 |           588.23 |       40.47 |   117518.85 |        952.43 |
|         34 |       2019-06-30 |      911.96 |            325.35 |           586.61 |       40.67 |   117193.50 |        952.63 |
|         35 |       2019-07-30 |      911.96 |            326.97 |           584.99 |       40.87 |   116866.53 |        952.83 |
|         36 |       2019-08-30 |      911.96 |            328.60 |           583.36 |       41.08 |   116537.92 |        953.04 |
|         37 |       2019-09-30 |      911.96 |            330.24 |           581.72 |       41.28 |   116207.68 |        953.24 |
|         38 |       2019-10-30 |      911.96 |            331.89 |           580.07 |       41.49 |   115875.79 |        953.45 |
|         39 |       2019-11-30 |      911.96 |            333.55 |           578.41 |       41.69 |   115542.24 |        953.66 |
|         40 |       2019-12-30 |      911.96 |            335.21 |           576.75 |       41.90 |   115207.02 |        953.86 |
|         41 |       2020-01-30 |      911.96 |            336.89 |           575.08 |       42.11 |   114870.14 |        954.07 |
|         42 |       2020-02-29 |      911.96 |            338.57 |           573.39 |       42.32 |   114531.57 |        954.28 |
|         43 |       2020-03-30 |      911.96 |            340.26 |           571.70 |       42.53 |   114191.31 |        954.49 |
|         44 |       2020-04-30 |      911.96 |            341.96 |           570.00 |       42.74 |   113849.35 |        954.71 |
|         45 |       2020-05-30 |      911.96 |            343.66 |           568.30 |       42.96 |   113505.69 |        954.92 |
|         46 |       2020-06-30 |      911.96 |            345.38 |           566.58 |       43.17 |   113160.31 |        955.14 |
|         47 |       2020-07-30 |      911.96 |            347.10 |           564.86 |       43.39 |   112813.20 |        955.35 |
|         48 |       2020-08-30 |      911.96 |            348.84 |           563.13 |       43.60 |   112464.37 |        955.57 |
|         49 |       2020-09-30 |      911.96 |            350.58 |           561.38 |       43.82 |   112113.79 |        955.78 |
|         50 |       2020-10-30 |      911.96 |            352.33 |           559.63 |       44.04 |   111761.46 |        956.00 |
|         51 |       2020-11-30 |      911.96 |            354.09 |           557.88 |       44.26 |   111407.37 |        956.22 |
|         52 |       2020-12-30 |      911.96 |            355.85 |           556.11 |       44.48 |   111051.52 |        956.44 |
|         53 |       2021-01-30 |      911.96 |            357.63 |           554.33 |       44.70 |   110693.89 |        956.67 |
|         54 |       2021-02-28 |      911.96 |            359.42 |           552.55 |       44.93 |   110334.47 |        956.89 |
|         55 |       2021-03-30 |      911.96 |            361.21 |           550.75 |       45.15 |   109973.26 |        957.11 |
|         56 |       2021-04-30 |      911.96 |            363.01 |           548.95 |       45.38 |   109610.25 |        957.34 |
|         57 |       2021-05-30 |      911.96 |            364.82 |           547.14 |       45.60 |   109245.43 |        957.57 |
|         58 |       2021-06-30 |      911.96 |            366.65 |           545.32 |       45.83 |   108878.78 |        957.79 |
|         59 |       2021-07-30 |      911.96 |            368.48 |           543.49 |       46.06 |   108510.30 |        958.02 |
|         60 |       2021-08-30 |      911.96 |            370.32 |           541.65 |       46.29 |   108139.99 |        958.25 |
|         61 |       2021-09-30 |      911.96 |            372.16 |           539.80 |       46.52 |   107767.83 |        958.48 |
|         62 |       2021-10-30 |      911.96 |            374.02 |           537.94 |       46.75 |   107393.80 |        958.72 |
|         63 |       2021-11-30 |      911.96 |            375.89 |           536.07 |       46.99 |   107017.92 |        958.95 |
|         64 |       2021-12-30 |      911.96 |            377.76 |           534.20 |       47.22 |   106640.15 |        959.18 |
|         65 |       2022-01-30 |      911.96 |            379.65 |           532.31 |       47.46 |   106260.50 |        959.42 |
|         66 |       2022-02-28 |      911.96 |            381.55 |           530.42 |       47.69 |   105878.95 |        959.66 |
|         67 |       2022-03-30 |      911.96 |            383.45 |           528.51 |       47.93 |   105495.50 |        959.89 |
|         68 |       2022-04-30 |      911.96 |            385.36 |           526.60 |       48.17 |   105110.14 |        960.13 |
|         69 |       2022-05-30 |      911.96 |            387.29 |           524.67 |       48.41 |   104722.85 |        960.37 |
|         70 |       2022-06-30 |      911.96 |            389.22 |           522.74 |       48.65 |   104333.63 |        960.62 |
|         71 |       2022-07-30 |      911.96 |            391.16 |           520.80 |       48.90 |   103942.47 |        960.86 |
|         72 |       2022-08-30 |      911.96 |            393.12 |           518.85 |       49.14 |   103549.35 |        961.10 |
|         73 |       2022-09-30 |      911.96 |            395.08 |           516.88 |       49.38 |   103154.27 |        961.35 |
|         74 |       2022-10-30 |      911.96 |            397.05 |           514.91 |       49.63 |   102757.22 |        961.59 |
|         75 |       2022-11-30 |      911.96 |            399.03 |           512.93 |       49.88 |   102358.19 |        961.84 |
|         76 |       2022-12-30 |      911.96 |            401.02 |           510.94 |       50.13 |   101957.16 |        962.09 |
|         77 |       2023-01-30 |      911.96 |            403.03 |           508.94 |       50.38 |   101554.14 |        962.34 |
|         78 |       2023-02-28 |      911.96 |            405.04 |           506.92 |       50.63 |   101149.10 |        962.59 |
|         79 |       2023-03-30 |      911.96 |            407.06 |           504.90 |       50.88 |   100742.04 |        962.85 |
|         80 |       2023-04-30 |      911.96 |            409.09 |           502.87 |       51.14 |   100332.95 |        963.10 |
|         81 |       2023-05-30 |      911.96 |            411.13 |           500.83 |       51.39 |    99921.81 |        963.35 |
|         82 |       2023-06-30 |      911.96 |            413.19 |           498.78 |       51.65 |    99508.63 |        963.61 |
|         83 |       2023-07-30 |      911.96 |            415.25 |           496.71 |       51.91 |    99093.38 |        963.87 |
|         84 |       2023-08-30 |      911.96 |            417.32 |           494.64 |       52.17 |    98676.06 |        964.13 |
|         85 |       2023-09-30 |      911.96 |            419.40 |           492.56 |       52.43 |    98256.65 |        964.39 |
|         86 |       2023-10-30 |      911.96 |            421.50 |           490.46 |       52.69 |    97835.16 |        964.65 |
|         87 |       2023-11-30 |      911.96 |            423.60 |           488.36 |       52.95 |    97411.55 |        964.91 |
|         88 |       2023-12-30 |      911.96 |            425.72 |           486.25 |       53.21 |    96985.84 |        965.18 |
|         89 |       2024-01-30 |      911.96 |            427.84 |           484.12 |       53.48 |    96558.00 |        965.44 |
|         90 |       2024-02-29 |      911.96 |            429.98 |           481.99 |       53.75 |    96128.02 |        965.71 |
|         91 |       2024-03-30 |      911.96 |            432.12 |           479.84 |       54.02 |    95695.89 |        965.98 |
|         92 |       2024-04-30 |      911.96 |            434.28 |           477.68 |       54.29 |    95261.61 |        966.25 |
|         93 |       2024-05-30 |      911.96 |            436.45 |           475.51 |       54.56 |    94825.17 |        966.52 |
|         94 |       2024-06-30 |      911.96 |            438.63 |           473.34 |       54.83 |    94386.54 |        966.79 |
|         95 |       2024-07-30 |      911.96 |            440.82 |           471.15 |       55.10 |    93945.72 |        967.06 |
|         96 |       2024-08-30 |      911.96 |            443.02 |           468.95 |       55.38 |    93502.71 |        967.34 |
|         97 |       2024-09-30 |      911.96 |            445.23 |           466.73 |       55.65 |    93057.48 |        967.62 |
|         98 |       2024-10-30 |      911.96 |            447.45 |           464.51 |       55.93 |    92610.03 |        967.89 |
|         99 |       2024-11-30 |      911.96 |            449.68 |           462.28 |       56.21 |    92160.34 |        968.17 |
|        100 |       2024-12-30 |      911.96 |            451.93 |           460.03 |       56.49 |    91708.41 |        968.45 |
|        101 |       2025-01-30 |      911.96 |            454.18 |           457.78 |       56.77 |    91254.23 |        968.74 |
|        102 |       2025-02-28 |      911.96 |            456.45 |           455.51 |       57.06 |    90797.78 |        969.02 |
|        103 |       2025-03-30 |      911.96 |            458.73 |           453.23 |       57.34 |    90339.05 |        969.30 |
|        104 |       2025-04-30 |      911.96 |            461.02 |           450.94 |       57.63 |    89878.03 |        969.59 |
|        105 |       2025-05-30 |      911.96 |            463.32 |           448.64 |       57.92 |    89414.71 |        969.88 |
|        106 |       2025-06-30 |      911.96 |            465.63 |           446.33 |       58.20 |    88949.07 |        970.17 |
|        107 |       2025-07-30 |      911.96 |            467.96 |           444.00 |       58.49 |    88481.11 |        970.46 |
|        108 |       2025-08-30 |      911.96 |            470.29 |           441.67 |       58.79 |    88010.82 |        970.75 |
|        109 |       2025-09-30 |      911.96 |            472.64 |           439.32 |       59.08 |    87538.18 |        971.04 |
|        110 |       2025-10-30 |      911.96 |            475.00 |           436.96 |       59.38 |    87063.18 |        971.34 |
|        111 |       2025-11-30 |      911.96 |            477.37 |           434.59 |       59.67 |    86585.80 |        971.63 |
|        112 |       2025-12-30 |      911.96 |            479.76 |           432.21 |       59.97 |    86106.05 |        971.93 |
|        113 |       2026-01-30 |      911.96 |            482.15 |           429.81 |       60.27 |    85623.90 |        972.23 |
|        114 |       2026-02-28 |      911.96 |            484.56 |           427.41 |       60.57 |    85139.34 |        972.53 |
|        115 |       2026-03-30 |      911.96 |            486.98 |           424.99 |       60.87 |    84652.37 |        972.83 |
|        116 |       2026-04-30 |      911.96 |            489.41 |           422.56 |       61.18 |    84162.96 |        973.14 |
|        117 |       2026-05-30 |      911.96 |            491.85 |           420.11 |       61.48 |    83671.11 |        973.44 |
|        118 |       2026-06-30 |      911.96 |            494.30 |           417.66 |       61.79 |    83176.81 |        973.75 |
|        119 |       2026-07-30 |      911.96 |            496.77 |           415.19 |       62.10 |    82680.04 |        974.06 |
|        120 |       2026-08-30 |      911.96 |            499.25 |           412.71 |       62.41 |    82180.78 |        974.37 |
|        121 |       2026-09-30 |      911.96 |            501.74 |           410.22 |       62.72 |    81679.04 |        974.68 |
|        122 |       2026-10-30 |      911.96 |            504.25 |           407.71 |       63.03 |    81174.79 |        974.99 |
|        123 |       2026-11-30 |      911.96 |            506.77 |           405.20 |       63.35 |    80668.03 |        975.31 |
|        124 |       2026-12-30 |      911.96 |            509.29 |           402.67 |       63.66 |    80158.73 |        975.62 |
|        125 |       2027-01-30 |      911.96 |            511.84 |           400.13 |       63.98 |    79646.90 |        975.94 |
|        126 |       2027-02-28 |      911.96 |            514.39 |           397.57 |       64.30 |    79132.50 |        976.26 |
|        127 |       2027-03-30 |      911.96 |            516.96 |           395.00 |       64.62 |    78615.54 |        976.58 |
|        128 |       2027-04-30 |      911.96 |            519.54 |           392.42 |       64.94 |    78096.00 |        976.91 |
|        129 |       2027-05-30 |      911.96 |            522.13 |           389.83 |       65.27 |    77573.87 |        977.23 |
|        130 |       2027-06-30 |      911.96 |            524.74 |           387.22 |       65.59 |    77049.13 |        977.56 |
|        131 |       2027-07-30 |      911.96 |            527.36 |           384.60 |       65.92 |    76521.77 |        977.88 |
|        132 |       2027-08-30 |      911.96 |            529.99 |           381.97 |       66.25 |    75991.78 |        978.21 |
|        133 |       2027-09-30 |      911.96 |            532.64 |           379.33 |       66.58 |    75459.14 |        978.54 |
|        134 |       2027-10-30 |      911.96 |            535.30 |           376.67 |       66.91 |    74923.85 |        978.87 |
|        135 |       2027-11-30 |      911.96 |            537.97 |           373.99 |       67.25 |    74385.88 |        979.21 |
|        136 |       2027-12-30 |      911.96 |            540.65 |           371.31 |       67.58 |    73845.23 |        979.54 |
|        137 |       2028-01-30 |      911.96 |            543.35 |           368.61 |       67.92 |    73301.88 |        979.88 |
|        138 |       2028-02-29 |      911.96 |            546.06 |           365.90 |       68.26 |    72755.81 |        980.22 |
|        139 |       2028-03-30 |      911.96 |            548.79 |           363.17 |       68.60 |    72207.02 |        980.56 |
|        140 |       2028-04-30 |      911.96 |            551.53 |           360.43 |       68.94 |    71655.49 |        980.90 |
|        141 |       2028-05-30 |      911.96 |            554.28 |           357.68 |       69.29 |    71101.21 |        981.25 |
|        142 |       2028-06-30 |      911.96 |            557.05 |           354.91 |       69.63 |    70544.16 |        981.59 |
|        143 |       2028-07-30 |      911.96 |            559.83 |           352.13 |       69.98 |    69984.33 |        981.94 |
|        144 |       2028-08-30 |      911.96 |            562.62 |           349.34 |       70.33 |    69421.71 |        982.29 |
|        145 |       2028-09-30 |      911.96 |            565.43 |           346.53 |       70.68 |    68856.28 |        982.64 |
|        146 |       2028-10-30 |      911.96 |            568.25 |           343.71 |       71.03 |    68288.02 |        982.99 |
|        147 |       2028-11-30 |      911.96 |            571.09 |           340.87 |       71.39 |    67716.93 |        983.35 |
|        148 |       2028-12-30 |      911.96 |            573.94 |           338.02 |       71.74 |    67142.99 |        983.71 |
|        149 |       2029-01-30 |      911.96 |            576.81 |           335.16 |       72.10 |    66566.18 |        984.06 |
|        150 |       2029-02-28 |      911.96 |            579.69 |           332.28 |       72.46 |    65986.49 |        984.42 |
|        151 |       2029-03-30 |      911.96 |            582.58 |           329.38 |       72.82 |    65403.91 |        984.79 |
|        152 |       2029-04-30 |      911.96 |            585.49 |           326.47 |       73.19 |    64818.43 |        985.15 |
|        153 |       2029-05-30 |      911.96 |            588.41 |           323.55 |       73.55 |    64230.02 |        985.51 |
|        154 |       2029-06-30 |      911.96 |            591.35 |           320.61 |       73.92 |    63638.67 |        985.88 |
|        155 |       2029-07-30 |      911.96 |            594.30 |           317.66 |       74.29 |    63044.37 |        986.25 |
|        156 |       2029-08-30 |      911.96 |            597.27 |           314.70 |       74.66 |    62447.10 |        986.62 |
|        157 |       2029-09-30 |      911.96 |            600.25 |           311.72 |       75.03 |    61846.85 |        986.99 |
|        158 |       2029-10-30 |      911.96 |            603.24 |           308.72 |       75.41 |    61243.61 |        987.37 |
|        159 |       2029-11-30 |      911.96 |            606.25 |           305.71 |       75.78 |    60637.36 |        987.74 |
|        160 |       2029-12-30 |      911.96 |            609.28 |           302.68 |       76.16 |    60028.07 |        988.12 |
|        161 |       2030-01-30 |      911.96 |            612.32 |           299.64 |       76.54 |    59415.75 |        988.50 |
|        162 |       2030-02-28 |      911.96 |            615.38 |           296.58 |       76.92 |    58800.37 |        988.88 |
|        163 |       2030-03-30 |      911.96 |            618.45 |           293.51 |       77.31 |    58181.92 |        989.27 |
|        164 |       2030-04-30 |      911.96 |            621.54 |           290.42 |       77.69 |    57560.39 |        989.65 |
|        165 |       2030-05-30 |      911.96 |            624.64 |           287.32 |       78.08 |    56935.74 |        990.04 |
|        166 |       2030-06-30 |      911.96 |            627.76 |           284.20 |       78.47 |    56307.99 |        990.43 |
|        167 |       2030-07-30 |      911.96 |            630.89 |           281.07 |       78.86 |    55677.09 |        990.82 |
|        168 |       2030-08-30 |      911.96 |            634.04 |           277.92 |       79.26 |    55043.05 |        991.22 |
|        169 |       2030-09-30 |      911.96 |            637.21 |           274.76 |       79.65 |    54405.85 |        991.61 |
|        170 |       2030-10-30 |      911.96 |            640.39 |           271.58 |       80.05 |    53765.46 |        992.01 |
|        171 |       2030-11-30 |      911.96 |            643.58 |           268.38 |       80.45 |    53121.88 |        992.41 |
|        172 |       2030-12-30 |      911.96 |            646.80 |           265.17 |       80.85 |    52475.08 |        992.81 |
|        173 |       2031-01-30 |      911.96 |            650.02 |           261.94 |       81.25 |    51825.06 |        993.22 |
|        174 |       2031-02-28 |      911.96 |            653.27 |           258.69 |       81.66 |    51171.79 |        993.62 |
|        175 |       2031-03-30 |      911.96 |            656.53 |           255.43 |       82.07 |    50515.26 |        994.03 |
|        176 |       2031-04-30 |      911.96 |            659.81 |           252.16 |       82.48 |    49855.45 |        994.44 |
|        177 |       2031-05-30 |      911.96 |            663.10 |           248.86 |       82.89 |    49192.35 |        994.85 |
|        178 |       2031-06-30 |      911.96 |            666.41 |           245.55 |       83.30 |    48525.94 |        995.26 |
|        179 |       2031-07-30 |      911.96 |            669.74 |           242.23 |       83.72 |    47856.20 |        995.68 |
|        180 |       2031-08-30 |      911.96 |            673.08 |           238.88 |       84.14 |    47183.12 |        996.10 |
|        181 |       2031-09-30 |      911.96 |            676.44 |           235.52 |       84.56 |    46506.68 |        996.52 |
|        182 |       2031-10-30 |      911.96 |            679.82 |           232.15 |       84.98 |    45826.86 |        996.94 |
|        183 |       2031-11-30 |      911.96 |            683.21 |           228.75 |       85.40 |    45143.65 |        997.36 |
|        184 |       2031-12-30 |      911.96 |            686.62 |           225.34 |       85.83 |    44457.03 |        997.79 |
|        185 |       2032-01-30 |      911.96 |            690.05 |           221.91 |       86.26 |    43766.99 |        998.22 |
|        186 |       2032-02-29 |      911.96 |            693.49 |           218.47 |       86.69 |    43073.49 |        998.65 |
|        187 |       2032-03-30 |      911.96 |            696.95 |           215.01 |       87.12 |    42376.54 |        999.08 |
|        188 |       2032-04-30 |      911.96 |            700.43 |           211.53 |       87.55 |    41676.11 |        999.52 |
|        189 |       2032-05-30 |      911.96 |            703.93 |           208.03 |       87.99 |    40972.18 |        999.95 |
|        190 |       2032-06-30 |      911.96 |            707.44 |           204.52 |       88.43 |    40264.73 |       1000.39 |
|        191 |       2032-07-30 |      911.96 |            710.97 |           200.99 |       88.87 |    39553.76 |       1000.83 |
|        192 |       2032-08-30 |      911.96 |            714.52 |           197.44 |       89.32 |    38839.24 |       1001.28 |
|        193 |       2032-09-30 |      911.96 |            718.09 |           193.87 |       89.76 |    38121.15 |       1001.72 |
|        194 |       2032-10-30 |      911.96 |            721.67 |           190.29 |       90.21 |    37399.47 |       1002.17 |
|        195 |       2032-11-30 |      911.96 |            725.28 |           186.69 |       90.66 |    36674.20 |       1002.62 |
|        196 |       2032-12-30 |      911.96 |            728.90 |           183.07 |       91.11 |    35945.30 |       1003.07 |
|        197 |       2033-01-30 |      911.96 |            732.54 |           179.43 |       91.57 |    35212.76 |       1003.53 |
|        198 |       2033-02-28 |      911.96 |            736.19 |           175.77 |       92.02 |    34476.57 |       1003.99 |
|        199 |       2033-03-30 |      911.96 |            739.87 |           172.10 |       92.48 |    33736.70 |       1004.45 |
|        200 |       2033-04-30 |      911.96 |            743.56 |           168.40 |       92.95 |    32993.14 |       1004.91 |
|        201 |       2033-05-30 |      911.96 |            747.27 |           164.69 |       93.41 |    32245.87 |       1005.37 |
|        202 |       2033-06-30 |      911.96 |            751.00 |           160.96 |       93.88 |    31494.87 |       1005.84 |
|        203 |       2033-07-30 |      911.96 |            754.75 |           157.21 |       94.34 |    30740.12 |       1006.31 |
|        204 |       2033-08-30 |      911.96 |            758.52 |           153.44 |       94.81 |    29981.60 |       1006.78 |
|        205 |       2033-09-30 |      911.96 |            762.30 |           149.66 |       95.29 |    29219.30 |       1007.25 |
|        206 |       2033-10-30 |      911.96 |            766.11 |           145.85 |       95.76 |    28453.19 |       1007.73 |
|        207 |       2033-11-30 |      911.96 |            769.93 |           142.03 |       96.24 |    27683.25 |       1008.20 |
|        208 |       2033-12-30 |      911.96 |            773.78 |           138.19 |       96.72 |    26909.48 |       1008.68 |
|        209 |       2034-01-30 |      911.96 |            777.64 |           134.32 |       97.20 |    26131.84 |       1009.17 |
|        210 |       2034-02-28 |      911.96 |            781.52 |           130.44 |       97.69 |    25350.32 |       1009.65 |
|        211 |       2034-03-30 |      911.96 |            785.42 |           126.54 |       98.18 |    24564.89 |       1010.14 |
|        212 |       2034-04-30 |      911.96 |            789.34 |           122.62 |       98.67 |    23775.55 |       1010.63 |
|        213 |       2034-05-30 |      911.96 |            793.28 |           118.68 |       99.16 |    22982.27 |       1011.12 |
|        214 |       2034-06-30 |      911.96 |            797.24 |           114.72 |       99.66 |    22185.03 |       1011.62 |
|        215 |       2034-07-30 |      911.96 |            801.22 |           110.74 |      100.15 |    21383.80 |       1012.12 |
|        216 |       2034-08-30 |      911.96 |            805.22 |           106.74 |      100.65 |    20578.58 |       1012.62 |
|        217 |       2034-09-30 |      911.96 |            809.24 |           102.72 |      101.16 |    19769.34 |       1013.12 |
|        218 |       2034-10-30 |      911.96 |            813.28 |            98.68 |      101.66 |    18956.06 |       1013.62 |
|        219 |       2034-11-30 |      911.96 |            817.34 |            94.62 |      102.17 |    18138.72 |       1014.13 |
|        220 |       2034-12-30 |      911.96 |            821.42 |            90.54 |      102.68 |    17317.30 |       1014.64 |
|        221 |       2035-01-30 |      911.96 |            825.52 |            86.44 |      103.19 |    16491.78 |       1015.15 |
|        222 |       2035-02-28 |      911.96 |            829.64 |            82.32 |      103.71 |    15662.14 |       1015.67 |
|        223 |       2035-03-30 |      911.96 |            833.78 |            78.18 |      104.22 |    14828.36 |       1016.19 |
|        224 |       2035-04-30 |      911.96 |            837.94 |            74.02 |      104.74 |    13990.41 |       1016.71 |
|        225 |       2035-05-30 |      911.96 |            842.13 |            69.84 |      105.27 |    13148.28 |       1017.23 |
|        226 |       2035-06-30 |      911.96 |            846.33 |            65.63 |      105.79 |    12301.95 |       1017.75 |
|        227 |       2035-07-30 |      911.96 |            850.56 |            61.41 |      106.32 |    11451.40 |       1018.28 |
|        228 |       2035-08-30 |      911.96 |            854.80 |            57.16 |      106.85 |    10596.60 |       1018.81 |
|        229 |       2035-09-30 |      911.96 |            859.07 |            52.89 |      107.38 |     9737.53 |       1019.35 |
|        230 |       2035-10-30 |      911.96 |            863.36 |            48.61 |      107.92 |     8874.17 |       1019.88 |
|        231 |       2035-11-30 |      911.96 |            867.67 |            44.30 |      108.46 |     8006.51 |       1020.42 |
|        232 |       2035-12-30 |      911.96 |            872.00 |            39.97 |      109.00 |     7134.51 |       1020.96 |
|        233 |       2036-01-30 |      911.96 |            876.35 |            35.61 |      109.54 |     6258.16 |       1021.51 |
|        234 |       2036-02-29 |      911.96 |            880.72 |            31.24 |      110.09 |     5377.44 |       1022.05 |
|        235 |       2036-03-30 |      911.96 |            885.12 |            26.84 |      110.64 |     4492.32 |       1022.60 |
|        236 |       2036-04-30 |      911.96 |            889.54 |            22.42 |      111.19 |     3602.78 |       1023.15 |
|        237 |       2036-05-30 |      911.96 |            893.98 |            17.98 |      111.75 |     2708.80 |       1023.71 |
|        238 |       2036-06-30 |      911.96 |            898.44 |            13.52 |      112.31 |     1810.36 |       1024.27 |
|        239 |       2036-07-30 |      911.96 |            902.93 |             9.04 |      112.87 |      907.43 |       1024.83 |
|        240 |       2036-08-30 |      911.96 |            907.43 |             4.53 |      113.43 |        0.00 |       1025.39 |
+------------+------------------+-------------+-------------------+------------------+-------------+-------------+---------------+

